0,11,35,37
0,11,35,53
0,11,16,35
0,11,35,43
0,11,35,62
0,11,34,35
0,11,20,35
0,11,30,35
0,11,35,45
0,11,35,61
0,11,35,66
0,11,35,56
0,11,29,35
0,11,32,35
0,11,33,35
0,11,21,35
0,11,35,93
0,11,35,77
0,11,35,42
0,11,35,65
0,11,35,86
0,11,35,82
0,11,35,91
0,7,11,35
0,11,35,40
0,11,35,48
0,11,35,57
0,11,35,58
0,11,18,35
0,11,35,36
0,11,22,35
0,11,35,68
0,11,35,81
0,6,11,35
0,11,35,59
0,11,35,63
0,11,35,74
0,5,11,35
0,11,26,35
0,11,35,55
0,11,35,85
0,11,35,95
0,11,35,96
0,11,35,64
0,11,35,76
0,3,11,35
0,11,35,52
0,11,35,83
0,11,35,97
0,4,11,35
0,11,25,35
0,11,35,54
0,11,35,79
0,11,35,88
0,11,35,92
0,11,17,35
0,11,35,87
0,10,11,35
0,11,35,47
0,11,35,75
0,1,11,35
0,11,35,41
0,11,35,69
0,11,35,72
0,11,19,35
0,11,24,35
0,2,11,35
0,9,11,35
0,11,15,35
0,11,27,35
0,11,35,60
0,11,35,67
0,11,35,70
0,11,35,80
0,11,35,94
0,11,28,35
0,11,35,71
0,11,14,35
0,11,12,35
0,11,31,35
0,11,35,89
0,11,13,35
0,11,23,35
0,11,35,44
0,11,35,78
0,11,35,38
0,11,35,50
0,11,35,51
0,11,35,46
0,11,35,49
0,11,35,84
0,11,35,99
0,8,11,35
0,11,35,73
0,11,35,98
0,11,35,90
