3,51,53,84
3,53,58,84
3,53,54,84
3,53,62,84
3,39,53,84
3,53,73,84
3,53,79,84
3,14,53,84
3,53,78,84
3,53,64,84
3,4,53,84
3,8,53,84
3,53,82,84
3,53,84,95
3,35,53,84
0,3,53,84
3,53,55,84
3,19,53,84
3,47,53,84
3,24,53,84
3,40,53,84
3,53,74,84
3,28,53,84
3,53,56,84
3,12,53,84
3,42,53,84
3,25,53,84
3,30,53,84
3,6,53,84
3,17,53,84
3,36,53,84
3,53,57,84
3,53,84,87
1,3,53,84
3,43,53,84
3,21,53,84
3,37,53,84
3,48,53,84
3,53,83,84
3,26,53,84
3,53,63,84
3,11,53,84
3,52,53,84
2,3,53,84
3,53,61,84
3,53,66,84
3,53,67,84
3,53,84,91
3,53,84,89
3,33,53,84
3,53,75,84
3,22,53,84
3,44,53,84
3,50,53,84
3,53,69,84
3,32,53,84
3,53,76,84
3,38,53,84
3,53,84,94
3,53,81,84
3,53,84,85
3,53,84,93
3,45,53,84
3,53,60,84
3,53,65,84
3,53,59,84
3,53,77,84
3,53,84,88
3,53,84,97
3,16,53,84
3,18,53,84
3,31,53,84
3,53,84,98
3,34,53,84
3,53,84,86
3,29,53,84
3,53,71,84
3,53,72,84
3,53,84,96
3,5,53,84
3,53,68,84
3,53,80,84
3,20,53,84
3,9,53,84
3,53,70,84
3,53,84,90
3,53,84,92
3,7,53,84
3,49,53,84
3,46,53,84
3,53,84,99
3,13,53,84
3,10,53,84
3,23,53,84
3,27,53,84
3,41,53,84
3,15,53,84
