4,5,42,54
4,42,54,91
4,42,52,54
4,42,54,88
4,42,54,84
4,42,47,54
4,42,54,74
4,42,53,54
4,39,42,54
4,42,54,67
4,9,42,54
4,42,54,57
4,42,54,56
4,26,42,54
4,42,54,72
4,35,42,54
4,42,54,60
4,42,54,82
3,4,42,54
4,15,42,54
4,21,42,54
4,42,54,59
4,42,54,81
4,42,54,89
4,37,42,54
4,42,48,54
4,42,54,65
4,22,42,54
4,7,42,54
2,4,42,54
4,42,45,54
4,42,51,54
4,42,54,55
4,42,54,62
4,42,44,54
4,42,54,83
4,42,54,94
4,42,50,54
4,42,54,63
4,27,42,54
4,42,49,54
4,20,42,54
4,42,54,61
4,42,54,66
4,42,54,76
4,42,54,58
4,42,54,70
4,42,54,77
4,38,42,54
4,42,54,68
4,32,42,54
4,42,54,75
4,40,42,54
4,42,54,97
4,41,42,54
4,36,42,54
4,42,54,90
4,31,42,54
4,33,42,54
4,42,54,64
4,42,54,69
4,34,42,54
4,42,54,86
4,42,54,96
4,42,43,54
4,42,54,87
4,42,54,95
4,8,42,54
4,42,54,93
4,42,54,99
0,4,42,54
4,42,54,85
4,18,42,54
4,19,42,54
4,23,42,54
4,11,42,54
4,42,54,73
4,42,54,79
4,42,54,80
4,42,54,98
4,17,42,54
4,42,54,71
4,13,42,54
4,14,42,54
4,30,42,54
4,25,42,54
4,29,42,54
1,4,42,54
4,6,42,54
4,24,42,54
4,42,54,92
4,10,42,54
4,42,54,78
4,28,42,54
