14,62,64,74
14,48,64,74
14,64,65,74
0,14,64,74
14,60,64,74
14,30,64,74
14,37,64,74
14,36,64,74
14,64,74,98
14,64,74,82
14,58,64,74
14,43,64,74
14,53,64,74
14,59,64,74
14,64,72,74
14,64,74,77
14,28,64,74
14,64,70,74
14,61,64,74
14,64,69,74
14,64,74,75
14,49,64,74
14,31,64,74
14,38,64,74
1,14,64,74
14,40,64,74
14,33,64,74
14,15,64,74
14,19,64,74
14,41,64,74
14,52,64,74
11,14,64,74
14,64,74,99
14,63,64,74
12,14,64,74
14,17,64,74
14,20,64,74
14,64,74,95
14,64,66,74
14,64,74,88
14,45,64,74
14,64,74,86
7,14,64,74
14,51,64,74
14,47,64,74
14,55,64,74
14,56,64,74
14,64,74,87
14,46,64,74
14,64,74,81
6,14,64,74
14,25,64,74
14,64,74,78
14,64,74,93
14,64,67,74
14,64,71,74
14,64,74,76
14,64,74,79
14,64,74,80
14,39,64,74
14,64,74,92
14,50,64,74
14,64,73,74
14,64,74,90
5,14,64,74
14,21,64,74
10,14,64,74
14,42,64,74
2,14,64,74
14,18,64,74
14,29,64,74
14,32,64,74
13,14,64,74
14,64,74,96
14,64,68,74
3,14,64,74
14,64,74,97
14,22,64,74
14,27,64,74
14,26,64,74
14,64,74,85
14,16,64,74
14,64,74,89
14,57,64,74
14,64,74,83
14,64,74,91
9,14,64,74
14,35,64,74
14,23,64,74
8,14,64,74
