3,47,52,63
3,19,47,63
3,28,47,63
3,47,63,77
3,30,47,63
3,47,63,84
3,47,56,63
3,47,62,63
3,47,63,78
3,47,63,81
3,47,63,82
3,47,63,68
3,12,47,63
3,47,54,63
3,47,63,85
3,47,53,63
3,47,58,63
3,47,63,96
3,15,47,63
3,46,47,63
3,47,55,63
3,47,60,63
3,10,47,63
3,13,47,63
3,40,47,63
3,44,47,63
3,47,50,63
3,26,47,63
3,47,63,71
3,47,63,80
2,3,47,63
3,11,47,63
3,36,47,63
3,47,63,67
3,47,63,73
3,47,63,83
3,14,47,63
3,47,63,95
3,47,63,70
3,31,47,63
3,47,63,64
3,18,47,63
3,47,63,91
3,39,47,63
3,22,47,63
3,8,47,63
3,43,47,63
3,47,63,93
3,47,63,97
3,45,47,63
3,47,63,74
3,47,63,69
3,47,51,63
3,47,63,89
3,47,59,63
3,24,47,63
3,25,47,63
3,47,63,76
3,47,63,92
3,47,63,99
3,29,47,63
3,47,63,90
3,47,63,72
3,6,47,63
3,20,47,63
3,32,47,63
3,47,63,79
3,42,47,63
3,47,63,75
3,47,63,94
3,47,57,63
3,23,47,63
3,33,47,63
3,34,47,63
3,47,61,63
3,47,63,88
3,35,47,63
3,4,47,63
3,17,47,63
3,47,63,86
3,38,47,63
3,47,63,98
0,3,47,63
3,37,47,63
3,47,63,66
3,47,48,63
3,9,47,63
3,16,47,63
3,47,49,63
1,3,47,63
3,47,63,87
3,7,47,63
