0,2,9,33
1,2,9,33
2,3,9,33
2,4,9,33
2,5,9,33
2,6,9,33
2,7,9,33
2,8,9,33
2,9,10,33
2,9,11,33
2,9,13,33
2,9,14,33
2,9,15,33
2,9,16,33
2,9,17,33
2,9,18,33
2,9,20,33
2,9,21,33
2,9,22,33
2,9,23,33
2,9,24,33
2,9,25,33
2,9,26,33
2,9,27,33
2,9,28,33
2,9,29,33
2,9,30,33
2,9,31,33
2,9,32,33
2,9,33,34
2,9,33,35
2,9,33,36
2,9,33,37
2,9,33,39
2,9,33,40
2,9,33,41
2,9,33,42
2,9,33,43
2,9,33,44
2,9,33,47
2,9,33,48
2,9,33,49
2,9,33,50
2,9,33,51
2,9,33,52
2,9,33,53
2,9,33,54
2,9,33,55
2,9,33,56
2,9,33,57
2,9,33,58
2,9,33,59
2,9,33,60
2,9,33,61
2,9,33,62
2,9,33,63
2,9,33,64
2,9,33,65
2,9,33,66
2,9,33,67
2,9,33,68
2,9,33,69
2,9,33,70
2,9,33,71
2,9,33,72
2,9,33,73
2,9,33,74
2,9,33,75
2,9,33,76
2,9,33,77
2,9,33,78
2,9,33,79
2,9,33,80
2,9,33,81
2,9,33,82
2,9,33,83
2,9,33,84
2,9,33,85
2,9,33,86
2,9,33,87
2,9,33,88
2,9,33,89
2,9,33,90
2,9,33,91
2,9,33,92
2,9,33,93
2,9,33,94
2,9,33,95
2,9,33,96
2,9,33,97
2,9,33,98
2,9,33,99