0,1,7,31
0,2,7,31
0,3,7,31
0,4,7,31
0,5,7,31
0,6,7,31
0,7,8,31
0,7,9,31
0,7,11,31
0,7,12,31
0,7,13,31
0,7,14,31
0,7,15,31
0,7,16,31
0,7,18,31
0,7,19,31
0,7,20,31
0,7,21,31
0,7,22,31
0,7,23,31
0,7,24,31
0,7,25,31
0,7,26,31
0,7,27,31
0,7,28,31
0,7,29,31
0,7,30,31
0,7,31,32
0,7,31,33
0,7,31,34
0,7,31,35
0,7,31,37
0,7,31,38
0,7,31,39
0,7,31,40
0,7,31,41
0,7,31,42
0,7,31,45
0,7,31,46
0,7,31,47
0,7,31,48
0,7,31,49
0,7,31,50
0,7,31,51
0,7,31,52
0,7,31,53
0,7,31,54
0,7,31,55
0,7,31,56
0,7,31,57
0,7,31,58
0,7,31,59
0,7,31,60
0,7,31,61
0,7,31,62
0,7,31,63
0,7,31,64
0,7,31,65
0,7,31,66
0,7,31,67
0,7,31,68
0,7,31,69
0,7,31,70
0,7,31,71
0,7,31,72
0,7,31,73
0,7,31,74
0,7,31,75
0,7,31,76
0,7,31,77
0,7,31,78
0,7,31,79
0,7,31,80
0,7,31,81
0,7,31,82
0,7,31,83
0,7,31,84
0,7,31,85
0,7,31,86
0,7,31,87
0,7,31,88
0,7,31,89
0,7,31,90
0,7,31,91
0,7,31,92
0,7,31,93
0,7,31,94
0,7,31,95
0,7,31,96
0,7,31,97
0,7,31,98
0,7,31,99