1,9,10,20,30
2,9,10,20,30
3,9,10,20,30
4,9,10,20,30
5,9,10,20,30
6,9,10,20,30
7,9,10,20,30
8,9,10,20,30
9,10,11,20,30
9,10,12,20,30
9,10,13,20,30
9,10,14,20,30
9,10,15,20,30
9,10,16,20,30
9,10,17,20,30
9,10,18,20,30
9,10,19,20,30
9,10,20,21,30
9,10,20,22,30
9,10,20,23,30
9,10,20,24,30
9,10,20,25,30
9,10,20,26,30
9,10,20,27,30
9,10,20,28,30
9,10,20,29,30
9,10,20,30,31
9,10,20,30,32
9,10,20,30,33
9,10,20,30,34
9,10,20,30,35
9,10,20,30,36
9,10,20,30,37
9,10,20,30,38
9,10,20,30,41
9,10,20,30,42
9,10,20,30,43
9,10,20,30,44
9,10,20,30,45
9,10,20,30,46
9,10,20,30,47
9,10,20,30,48
9,10,20,30,51
9,10,20,30,52
9,10,20,30,53
9,10,20,30,54
9,10,20,30,55
9,10,20,30,56
9,10,20,30,57
9,10,20,30,58
9,10,20,30,61
9,10,20,30,62
9,10,20,30,63
9,10,20,30,64
9,10,20,30,65
9,10,20,30,66
9,10,20,30,67
9,10,20,30,68
9,10,20,30,69
9,10,20,30,71
9,10,20,30,72
9,10,20,30,74
9,10,20,30,75
9,10,20,30,76
9,10,20,30,77
9,10,20,30,78
9,10,20,30,79
9,10,20,30,81
9,10,20,30,82
9,10,20,30,83
9,10,20,30,84
9,10,20,30,85
9,10,20,30,86
9,10,20,30,87
9,10,20,30,88
9,10,20,30,89
9,10,20,30,91
9,10,20,30,92
9,10,20,30,93
9,10,20,30,94
9,10,20,30,95
9,10,20,30,96
9,10,20,30,97
9,10,20,30,98
9,10,20,30,99