0,1,13,21
0,2,13,21
0,4,13,21
0,5,13,21
0,6,13,21
0,7,13,21
0,8,13,21
0,9,13,21
0,11,13,21
0,12,13,21
0,13,14,21
0,13,15,21
0,13,16,21
0,13,17,21
0,13,18,21
0,13,19,21
0,13,20,21
0,13,21,23
0,13,21,24
0,13,21,25
0,13,21,26
0,13,21,27
0,13,21,28
0,13,21,29
0,13,21,30
0,13,21,31
0,13,21,32
0,13,21,33
0,13,21,34
0,13,21,35
0,13,21,36
0,13,21,37
0,13,21,38
0,13,21,39
0,13,21,40
0,13,21,41
0,13,21,42
0,13,21,43
0,13,21,44
0,13,21,45
0,13,21,46
0,13,21,47
0,13,21,48
0,13,21,49
0,13,21,50
0,13,21,51
0,13,21,52
0,13,21,53
0,13,21,54
0,13,21,55
0,13,21,56
0,13,21,57
0,13,21,58
0,13,21,59
0,13,21,60
0,13,21,61
0,13,21,62
0,13,21,63
0,13,21,64
0,13,21,65
0,13,21,66
0,13,21,67
0,13,21,68
0,13,21,69
0,13,21,70
0,13,21,71
0,13,21,72
0,13,21,73
0,13,21,74
0,13,21,75
0,13,21,76
0,13,21,77
0,13,21,78
0,13,21,79
0,13,21,80
0,13,21,81
0,13,21,82
0,13,21,83
0,13,21,84
0,13,21,85
0,13,21,86
0,13,21,87
0,13,21,88
0,13,21,89
0,13,21,90
0,13,21,91
0,13,21,92
0,13,21,93
0,13,21,94
0,13,21,95
0,13,21,96
0,13,21,97
0,13,21,98
0,13,21,99