0,1,36,50
0,2,36,50
0,3,36,50
0,4,36,50
0,6,36,50
0,7,36,50
0,8,36,50
0,9,36,50
0,10,36,50
0,11,36,50
0,12,36,50
0,13,36,50
0,14,36,50
0,15,36,50
0,16,36,50
0,17,36,50
0,18,36,50
0,19,36,50
0,20,36,50
0,21,36,50
0,22,36,50
0,23,36,50
0,24,36,50
0,25,36,50
0,27,36,50
0,28,36,50
0,29,36,50
0,30,36,50
0,31,36,50
0,32,36,50
0,33,36,50
0,34,36,50
0,35,36,50
0,36,37,50
0,36,38,50
0,36,39,50
0,36,40,50
0,36,41,50
0,36,42,50
0,36,43,50
0,36,44,50
0,36,45,50
0,36,46,50
0,36,47,50
0,36,48,50
0,36,49,50
0,36,50,51
0,36,50,52
0,36,50,53
0,36,50,54
0,36,50,56
0,36,50,57
0,36,50,58
0,36,50,59
0,36,50,60
0,36,50,61
0,36,50,64
0,36,50,65
0,36,50,66
0,36,50,67
0,36,50,68
0,36,50,69
0,36,50,70
0,36,50,71
0,36,50,72
0,36,50,73
0,36,50,74
0,36,50,75
0,36,50,76
0,36,50,77
0,36,50,78
0,36,50,79
0,36,50,80
0,36,50,81
0,36,50,82
0,36,50,83
0,36,50,84
0,36,50,85
0,36,50,86
0,36,50,87
0,36,50,88
0,36,50,89
0,36,50,90
0,36,50,91
0,36,50,92
0,36,50,93
0,36,50,94
0,36,50,95
0,36,50,96
0,36,50,97
0,36,50,98
0,36,50,99