0,1,17,31
0,2,17,31
0,3,17,31
0,4,17,31
0,5,17,31
0,6,17,31
0,8,17,31
0,9,17,31
0,11,17,31
0,12,17,31
0,13,17,31
0,14,17,31
0,15,17,31
0,16,17,31
0,17,18,31
0,17,19,31
0,17,20,31
0,17,21,31
0,17,22,31
0,17,23,31
0,17,24,31
0,17,25,31
0,17,26,31
0,17,27,31
0,17,28,31
0,17,29,31
0,17,30,31
0,17,31,32
0,17,31,33
0,17,31,34
0,17,31,35
0,17,31,37
0,17,31,38
0,17,31,39
0,17,31,40
0,17,31,41
0,17,31,42
0,17,31,45
0,17,31,46
0,17,31,47
0,17,31,48
0,17,31,49
0,17,31,50
0,17,31,51
0,17,31,52
0,17,31,53
0,17,31,54
0,17,31,55
0,17,31,56
0,17,31,57
0,17,31,58
0,17,31,59
0,17,31,60
0,17,31,61
0,17,31,62
0,17,31,63
0,17,31,64
0,17,31,65
0,17,31,66
0,17,31,67
0,17,31,68
0,17,31,69
0,17,31,70
0,17,31,71
0,17,31,72
0,17,31,73
0,17,31,74
0,17,31,75
0,17,31,76
0,17,31,77
0,17,31,78
0,17,31,79
0,17,31,80
0,17,31,81
0,17,31,82
0,17,31,83
0,17,31,84
0,17,31,85
0,17,31,86
0,17,31,87
0,17,31,88
0,17,31,89
0,17,31,90
0,17,31,91
0,17,31,92
0,17,31,93
0,17,31,94
0,17,31,95
0,17,31,96
0,17,31,97
0,17,31,98
0,17,31,99