0,1,9,10,30
0,2,9,10,30
0,3,9,10,30
0,4,9,10,30
0,5,9,10,30
0,6,9,10,30
0,7,9,10,30
0,8,9,10,30
0,9,10,11,30
0,9,10,12,30
0,9,10,13,30
0,9,10,14,30
0,9,10,15,30
0,9,10,16,30
0,9,10,17,30
0,9,10,18,30
0,9,10,21,30
0,9,10,22,30
0,9,10,23,30
0,9,10,24,30
0,9,10,25,30
0,9,10,26,30
0,9,10,27,30
0,9,10,28,30
0,9,10,29,30
0,9,10,30,31
0,9,10,30,32
0,9,10,30,33
0,9,10,30,34
0,9,10,30,35
0,9,10,30,36
0,9,10,30,37
0,9,10,30,38
0,9,10,30,41
0,9,10,30,42
0,9,10,30,43
0,9,10,30,44
0,9,10,30,45
0,9,10,30,46
0,9,10,30,47
0,9,10,30,48
0,9,10,30,51
0,9,10,30,52
0,9,10,30,53
0,9,10,30,56
0,9,10,30,57
0,9,10,30,58
0,9,10,30,59
0,9,10,30,61
0,9,10,30,62
0,9,10,30,64
0,9,10,30,65
0,9,10,30,67
0,9,10,30,68
0,9,10,30,69
0,9,10,30,71
0,9,10,30,72
0,9,10,30,73
0,9,10,30,74
0,9,10,30,75
0,9,10,30,76
0,9,10,30,77
0,9,10,30,78
0,9,10,30,79
0,9,10,30,81
0,9,10,30,82
0,9,10,30,83
0,9,10,30,84
0,9,10,30,85
0,9,10,30,86
0,9,10,30,87
0,9,10,30,88
0,9,10,30,89
0,9,10,30,91
0,9,10,30,92
0,9,10,30,93
0,9,10,30,94
0,9,10,30,95
0,9,10,30,96
0,9,10,30,97
0,9,10,30,98
0,9,10,30,99