0,2,13,34
0,3,13,34
0,4,13,34
0,5,13,34
0,6,13,34
0,7,13,34
0,8,13,34
0,9,13,34
0,10,13,34
0,11,13,34
0,12,13,34
0,13,14,34
0,13,15,34
0,13,16,34
0,13,17,34
0,13,18,34
0,13,19,34
0,13,20,34
0,13,21,34
0,13,22,34
0,13,23,34
0,13,24,34
0,13,25,34
0,13,26,34
0,13,27,34
0,13,28,34
0,13,29,34
0,13,30,34
0,13,31,34
0,13,32,34
0,13,33,34
0,13,34,35
0,13,34,36
0,13,34,37
0,13,34,38
0,13,34,39
0,13,34,40
0,13,34,41
0,13,34,42
0,13,34,43
0,13,34,45
0,13,34,46
0,13,34,47
0,13,34,48
0,13,34,49
0,13,34,50
0,13,34,51
0,13,34,52
0,13,34,53
0,13,34,54
0,13,34,55
0,13,34,56
0,13,34,57
0,13,34,58
0,13,34,59
0,13,34,60
0,13,34,61
0,13,34,62
0,13,34,64
0,13,34,65
0,13,34,66
0,13,34,67
0,13,34,68
0,13,34,69
0,13,34,72
0,13,34,73
0,13,34,74
0,13,34,75
0,13,34,76
0,13,34,77
0,13,34,78
0,13,34,79
0,13,34,80
0,13,34,81
0,13,34,82
0,13,34,83
0,13,34,84
0,13,34,85
0,13,34,86
0,13,34,87
0,13,34,88
0,13,34,89
0,13,34,90
0,13,34,91
0,13,34,92
0,13,34,93
0,13,34,94
0,13,34,95
0,13,34,96
0,13,34,97
0,13,34,98
0,13,34,99