0,1,3,13
0,2,3,13
0,3,4,13
0,3,5,13
0,3,6,13
0,3,7,13
0,3,8,13
0,3,9,13
0,3,11,13
0,3,12,13
0,3,13,14
0,3,13,15
0,3,13,16
0,3,13,17
0,3,13,18
0,3,13,19
0,3,13,20
0,3,13,23
0,3,13,24
0,3,13,25
0,3,13,26
0,3,13,27
0,3,13,28
0,3,13,29
0,3,13,30
0,3,13,31
0,3,13,32
0,3,13,33
0,3,13,34
0,3,13,35
0,3,13,36
0,3,13,37
0,3,13,38
0,3,13,39
0,3,13,40
0,3,13,41
0,3,13,42
0,3,13,43
0,3,13,44
0,3,13,45
0,3,13,46
0,3,13,47
0,3,13,48
0,3,13,49
0,3,13,50
0,3,13,51
0,3,13,52
0,3,13,53
0,3,13,54
0,3,13,55
0,3,13,56
0,3,13,57
0,3,13,58
0,3,13,59
0,3,13,60
0,3,13,61
0,3,13,62
0,3,13,63
0,3,13,64
0,3,13,65
0,3,13,66
0,3,13,67
0,3,13,68
0,3,13,69
0,3,13,70
0,3,13,71
0,3,13,72
0,3,13,73
0,3,13,74
0,3,13,75
0,3,13,76
0,3,13,77
0,3,13,78
0,3,13,79
0,3,13,80
0,3,13,81
0,3,13,82
0,3,13,83
0,3,13,84
0,3,13,85
0,3,13,86
0,3,13,87
0,3,13,88
0,3,13,89
0,3,13,90
0,3,13,91
0,3,13,92
0,3,13,93
0,3,13,94
0,3,13,95
0,3,13,96
0,3,13,97
0,3,13,98
0,3,13,99