0,1,36,44
0,2,36,44
0,3,36,44
0,4,36,44
0,5,36,44
0,6,36,44
0,8,36,44
0,9,36,44
0,11,36,44
0,12,36,44
0,13,36,44
0,14,36,44
0,15,36,44
0,16,36,44
0,18,36,44
0,19,36,44
0,20,36,44
0,21,36,44
0,22,36,44
0,23,36,44
0,24,36,44
0,25,36,44
0,26,36,44
0,27,36,44
0,28,36,44
0,29,36,44
0,30,36,44
0,32,36,44
0,33,36,44
0,34,36,44
0,35,36,44
0,36,37,44
0,36,38,44
0,36,39,44
0,36,40,44
0,36,41,44
0,36,42,44
0,36,44,45
0,36,44,46
0,36,44,47
0,36,44,48
0,36,44,49
0,36,44,50
0,36,44,51
0,36,44,52
0,36,44,53
0,36,44,54
0,36,44,55
0,36,44,56
0,36,44,57
0,36,44,58
0,36,44,59
0,36,44,60
0,36,44,61
0,36,44,62
0,36,44,63
0,36,44,64
0,36,44,65
0,36,44,66
0,36,44,67
0,36,44,68
0,36,44,69
0,36,44,70
0,36,44,71
0,36,44,72
0,36,44,73
0,36,44,74
0,36,44,75
0,36,44,76
0,36,44,77
0,36,44,78
0,36,44,79
0,36,44,80
0,36,44,81
0,36,44,82
0,36,44,83
0,36,44,84
0,36,44,85
0,36,44,86
0,36,44,87
0,36,44,88
0,36,44,89
0,36,44,90
0,36,44,91
0,36,44,92
0,36,44,93
0,36,44,94
0,36,44,95
0,36,44,96
0,36,44,97
0,36,44,98
0,36,44,99