0,9,10,30,41
2,9,10,30,41
4,9,10,30,41
5,9,10,30,41
6,9,10,30,41
7,9,10,30,41
8,9,10,30,41
9,10,11,30,41
9,10,12,30,41
9,10,13,30,41
9,10,15,30,41
9,10,16,30,41
9,10,17,30,41
9,10,18,30,41
9,10,19,30,41
9,10,20,30,41
9,10,21,30,41
9,10,22,30,41
9,10,23,30,41
9,10,24,30,41
9,10,25,30,41
9,10,26,30,41
9,10,27,30,41
9,10,28,30,41
9,10,29,30,41
9,10,30,31,41
9,10,30,32,41
9,10,30,33,41
9,10,30,35,41
9,10,30,36,41
9,10,30,37,41
9,10,30,39,41
9,10,30,40,41
9,10,30,41,42
9,10,30,41,44
9,10,30,41,45
9,10,30,41,46
9,10,30,41,48
9,10,30,41,50
9,10,30,41,51
9,10,30,41,52
9,10,30,41,53
9,10,30,41,55
9,10,30,41,56
9,10,30,41,57
9,10,30,41,58
9,10,30,41,59
9,10,30,41,60
9,10,30,41,61
9,10,30,41,62
9,10,30,41,63
9,10,30,41,64
9,10,30,41,65
9,10,30,41,66
9,10,30,41,67
9,10,30,41,68
9,10,30,41,69
9,10,30,41,70
9,10,30,41,71
9,10,30,41,72
9,10,30,41,73
9,10,30,41,74
9,10,30,41,75
9,10,30,41,76
9,10,30,41,77
9,10,30,41,78
9,10,30,41,79
9,10,30,41,80
9,10,30,41,81
9,10,30,41,82
9,10,30,41,83
9,10,30,41,84
9,10,30,41,85
9,10,30,41,86
9,10,30,41,87
9,10,30,41,88
9,10,30,41,89
9,10,30,41,90
9,10,30,41,91
9,10,30,41,92
9,10,30,41,93
9,10,30,41,94
9,10,30,41,95
9,10,30,41,96
9,10,30,41,97
9,10,30,41,98
9,10,30,41,99