0,1,2,13
0,1,3,13
0,1,4,13
0,1,5,13
0,1,6,13
0,1,7,13
0,1,8,13
0,1,9,13
0,1,10,13
0,1,11,13
0,1,12,13
0,1,13,14
0,1,13,15
0,1,13,16
0,1,13,17
0,1,13,18
0,1,13,19
0,1,13,20
0,1,13,21
0,1,13,22
0,1,13,23
0,1,13,24
0,1,13,25
0,1,13,26
0,1,13,27
0,1,13,28
0,1,13,29
0,1,13,30
0,1,13,31
0,1,13,32
0,1,13,33
0,1,13,35
0,1,13,36
0,1,13,37
0,1,13,38
0,1,13,39
0,1,13,40
0,1,13,41
0,1,13,42
0,1,13,43
0,1,13,45
0,1,13,46
0,1,13,47
0,1,13,48
0,1,13,49
0,1,13,50
0,1,13,51
0,1,13,52
0,1,13,53
0,1,13,54
0,1,13,55
0,1,13,56
0,1,13,57
0,1,13,58
0,1,13,59
0,1,13,60
0,1,13,61
0,1,13,62
0,1,13,64
0,1,13,65
0,1,13,66
0,1,13,67
0,1,13,68
0,1,13,69
0,1,13,72
0,1,13,73
0,1,13,74
0,1,13,75
0,1,13,76
0,1,13,77
0,1,13,78
0,1,13,79
0,1,13,80
0,1,13,81
0,1,13,82
0,1,13,83
0,1,13,84
0,1,13,85
0,1,13,86
0,1,13,87
0,1,13,88
0,1,13,89
0,1,13,90
0,1,13,91
0,1,13,92
0,1,13,93
0,1,13,94
0,1,13,95
0,1,13,96
0,1,13,97
0,1,13,98
0,1,13,99