1,9,10,30,54
2,9,10,30,54
3,9,10,30,54
4,9,10,30,54
5,9,10,30,54
6,9,10,30,54
7,9,10,30,54
8,9,10,30,54
9,10,11,30,54
9,10,12,30,54
9,10,13,30,54
9,10,14,30,54
9,10,15,30,54
9,10,17,30,54
9,10,18,30,54
9,10,20,30,54
9,10,21,30,54
9,10,22,30,54
9,10,23,30,54
9,10,24,30,54
9,10,25,30,54
9,10,26,30,54
9,10,27,30,54
9,10,28,30,54
9,10,29,30,54
9,10,30,31,54
9,10,30,32,54
9,10,30,33,54
9,10,30,34,54
9,10,30,35,54
9,10,30,37,54
9,10,30,39,54
9,10,30,40,54
9,10,30,42,54
9,10,30,43,54
9,10,30,44,54
9,10,30,45,54
9,10,30,46,54
9,10,30,48,54
9,10,30,50,54
9,10,30,51,54
9,10,30,53,54
9,10,30,54,56
9,10,30,54,57
9,10,30,54,58
9,10,30,54,59
9,10,30,54,60
9,10,30,54,61
9,10,30,54,62
9,10,30,54,63
9,10,30,54,64
9,10,30,54,65
9,10,30,54,66
9,10,30,54,67
9,10,30,54,68
9,10,30,54,69
9,10,30,54,70
9,10,30,54,71
9,10,30,54,72
9,10,30,54,73
9,10,30,54,74
9,10,30,54,75
9,10,30,54,76
9,10,30,54,77
9,10,30,54,78
9,10,30,54,79
9,10,30,54,80
9,10,30,54,81
9,10,30,54,82
9,10,30,54,83
9,10,30,54,84
9,10,30,54,85
9,10,30,54,86
9,10,30,54,87
9,10,30,54,88
9,10,30,54,89
9,10,30,54,90
9,10,30,54,91
9,10,30,54,92
9,10,30,54,93
9,10,30,54,94
9,10,30,54,95
9,10,30,54,96
9,10,30,54,97
9,10,30,54,98
9,10,30,54,99