0,9,33,54
1,9,33,54
2,9,33,54
3,9,33,54
5,9,33,54
6,9,33,54
7,9,33,54
8,9,33,54
9,10,33,54
9,11,33,54
9,12,33,54
9,13,33,54
9,14,33,54
9,15,33,54
9,16,33,54
9,17,33,54
9,18,33,54
9,19,33,54
9,20,33,54
9,21,33,54
9,22,33,54
9,24,33,54
9,25,33,54
9,26,33,54
9,27,33,54
9,28,33,54
9,29,33,54
9,30,33,54
9,31,33,54
9,32,33,54
9,33,34,54
9,33,35,54
9,33,36,54
9,33,37,54
9,33,38,54
9,33,39,54
9,33,40,54
9,33,41,54
9,33,42,54
9,33,43,54
9,33,44,54
9,33,45,54
9,33,46,54
9,33,47,54
9,33,48,54
9,33,49,54
9,33,50,54
9,33,51,54
9,33,52,54
9,33,53,54
9,33,54,55
9,33,54,56
9,33,54,57
9,33,54,58
9,33,54,60
9,33,54,61
9,33,54,62
9,33,54,63
9,33,54,64
9,33,54,65
9,33,54,68
9,33,54,69
9,33,54,70
9,33,54,71
9,33,54,72
9,33,54,73
9,33,54,74
9,33,54,75
9,33,54,76
9,33,54,77
9,33,54,78
9,33,54,79
9,33,54,80
9,33,54,81
9,33,54,82
9,33,54,83
9,33,54,84
9,33,54,85
9,33,54,86
9,33,54,87
9,33,54,88
9,33,54,89
9,33,54,90
9,33,54,91
9,33,54,92
9,33,54,93
9,33,54,94
9,33,54,95
9,33,54,96
9,33,54,97
9,33,54,98
9,33,54,99