0,1,9,10,30
1,2,9,10,30
1,4,9,10,30
1,5,9,10,30
1,6,9,10,30
1,7,9,10,30
1,8,9,10,30
1,9,10,11,30
1,9,10,12,30
1,9,10,13,30
1,9,10,15,30
1,9,10,16,30
1,9,10,17,30
1,9,10,18,30
1,9,10,19,30
1,9,10,20,30
1,9,10,21,30
1,9,10,22,30
1,9,10,23,30
1,9,10,24,30
1,9,10,25,30
1,9,10,26,30
1,9,10,27,30
1,9,10,28,30
1,9,10,29,30
1,9,10,30,31
1,9,10,30,32
1,9,10,30,33
1,9,10,30,35
1,9,10,30,36
1,9,10,30,37
1,9,10,30,38
1,9,10,30,39
1,9,10,30,40
1,9,10,30,42
1,9,10,30,44
1,9,10,30,45
1,9,10,30,46
1,9,10,30,47
1,9,10,30,48
1,9,10,30,50
1,9,10,30,51
1,9,10,30,52
1,9,10,30,53
1,9,10,30,54
1,9,10,30,55
1,9,10,30,56
1,9,10,30,57
1,9,10,30,58
1,9,10,30,59
1,9,10,30,60
1,9,10,30,62
1,9,10,30,63
1,9,10,30,64
1,9,10,30,65
1,9,10,30,66
1,9,10,30,67
1,9,10,30,68
1,9,10,30,70
1,9,10,30,71
1,9,10,30,73
1,9,10,30,74
1,9,10,30,75
1,9,10,30,76
1,9,10,30,77
1,9,10,30,79
1,9,10,30,80
1,9,10,30,81
1,9,10,30,82
1,9,10,30,83
1,9,10,30,84
1,9,10,30,86
1,9,10,30,87
1,9,10,30,88
1,9,10,30,89
1,9,10,30,91
1,9,10,30,92
1,9,10,30,93
1,9,10,30,94
1,9,10,30,95
1,9,10,30,96
1,9,10,30,97
1,9,10,30,98
1,9,10,30,99