0,1,36,43
0,2,36,43
0,3,36,43
0,4,36,43
0,5,36,43
0,6,36,43
0,8,36,43
0,9,36,43
0,11,36,43
0,12,36,43
0,13,36,43
0,14,36,43
0,15,36,43
0,16,36,43
0,18,36,43
0,19,36,43
0,20,36,43
0,21,36,43
0,22,36,43
0,23,36,43
0,24,36,43
0,25,36,43
0,26,36,43
0,27,36,43
0,28,36,43
0,29,36,43
0,30,36,43
0,32,36,43
0,33,36,43
0,34,36,43
0,35,36,43
0,36,37,43
0,36,38,43
0,36,39,43
0,36,40,43
0,36,41,43
0,36,42,43
0,36,43,45
0,36,43,46
0,36,43,47
0,36,43,48
0,36,43,49
0,36,43,50
0,36,43,51
0,36,43,52
0,36,43,53
0,36,43,54
0,36,43,55
0,36,43,56
0,36,43,57
0,36,43,58
0,36,43,59
0,36,43,60
0,36,43,61
0,36,43,62
0,36,43,63
0,36,43,64
0,36,43,65
0,36,43,66
0,36,43,67
0,36,43,68
0,36,43,69
0,36,43,70
0,36,43,71
0,36,43,72
0,36,43,73
0,36,43,74
0,36,43,75
0,36,43,76
0,36,43,77
0,36,43,78
0,36,43,79
0,36,43,80
0,36,43,81
0,36,43,82
0,36,43,83
0,36,43,84
0,36,43,85
0,36,43,86
0,36,43,87
0,36,43,88
0,36,43,89
0,36,43,90
0,36,43,91
0,36,43,92
0,36,43,93
0,36,43,94
0,36,43,95
0,36,43,96
0,36,43,97
0,36,43,98
0,36,43,99