1,9,10,30,40
2,9,10,30,40
3,9,10,30,40
4,9,10,30,40
5,9,10,30,40
6,9,10,30,40
7,9,10,30,40
8,9,10,30,40
9,10,11,30,40
9,10,12,30,40
9,10,13,30,40
9,10,14,30,40
9,10,15,30,40
9,10,16,30,40
9,10,17,30,40
9,10,18,30,40
9,10,19,30,40
9,10,21,30,40
9,10,22,30,40
9,10,23,30,40
9,10,24,30,40
9,10,25,30,40
9,10,26,30,40
9,10,27,30,40
9,10,28,30,40
9,10,29,30,40
9,10,30,31,40
9,10,30,32,40
9,10,30,33,40
9,10,30,34,40
9,10,30,35,40
9,10,30,36,40
9,10,30,37,40
9,10,30,38,40
9,10,30,39,40
9,10,30,40,41
9,10,30,40,42
9,10,30,40,43
9,10,30,40,44
9,10,30,40,45
9,10,30,40,46
9,10,30,40,47
9,10,30,40,48
9,10,30,40,51
9,10,30,40,52
9,10,30,40,53
9,10,30,40,54
9,10,30,40,55
9,10,30,40,56
9,10,30,40,57
9,10,30,40,58
9,10,30,40,61
9,10,30,40,62
9,10,30,40,63
9,10,30,40,64
9,10,30,40,65
9,10,30,40,66
9,10,30,40,67
9,10,30,40,68
9,10,30,40,69
9,10,30,40,71
9,10,30,40,72
9,10,30,40,73
9,10,30,40,74
9,10,30,40,75
9,10,30,40,76
9,10,30,40,77
9,10,30,40,78
9,10,30,40,81
9,10,30,40,82
9,10,30,40,83
9,10,30,40,84
9,10,30,40,85
9,10,30,40,86
9,10,30,40,87
9,10,30,40,88
9,10,30,40,89
9,10,30,40,91
9,10,30,40,92
9,10,30,40,93
9,10,30,40,94
9,10,30,40,95
9,10,30,40,96
9,10,30,40,97
9,10,30,40,98
9,10,30,40,99