1,9,10,30,70
2,9,10,30,70
3,9,10,30,70
4,9,10,30,70
5,9,10,30,70
6,9,10,30,70
7,9,10,30,70
8,9,10,30,70
9,10,11,30,70
9,10,12,30,70
9,10,13,30,70
9,10,14,30,70
9,10,15,30,70
9,10,16,30,70
9,10,17,30,70
9,10,18,30,70
9,10,19,30,70
9,10,21,30,70
9,10,22,30,70
9,10,23,30,70
9,10,24,30,70
9,10,25,30,70
9,10,26,30,70
9,10,27,30,70
9,10,28,30,70
9,10,29,30,70
9,10,30,31,70
9,10,30,32,70
9,10,30,33,70
9,10,30,34,70
9,10,30,35,70
9,10,30,36,70
9,10,30,37,70
9,10,30,38,70
9,10,30,39,70
9,10,30,41,70
9,10,30,42,70
9,10,30,43,70
9,10,30,44,70
9,10,30,45,70
9,10,30,46,70
9,10,30,47,70
9,10,30,48,70
9,10,30,51,70
9,10,30,52,70
9,10,30,53,70
9,10,30,54,70
9,10,30,55,70
9,10,30,56,70
9,10,30,57,70
9,10,30,58,70
9,10,30,59,70
9,10,30,61,70
9,10,30,62,70
9,10,30,63,70
9,10,30,64,70
9,10,30,65,70
9,10,30,66,70
9,10,30,67,70
9,10,30,68,70
9,10,30,69,70
9,10,30,70,71
9,10,30,70,72
9,10,30,70,73
9,10,30,70,74
9,10,30,70,75
9,10,30,70,76
9,10,30,70,77
9,10,30,70,78
9,10,30,70,79
9,10,30,70,81
9,10,30,70,82
9,10,30,70,83
9,10,30,70,84
9,10,30,70,85
9,10,30,70,86
9,10,30,70,87
9,10,30,70,88
9,10,30,70,91
9,10,30,70,92
9,10,30,70,93
9,10,30,70,94
9,10,30,70,95
9,10,30,70,96
9,10,30,70,97
9,10,30,70,98
9,10,30,70,99