0,1,2,13
0,2,3,13
0,2,4,13
0,2,5,13
0,2,6,13
0,2,7,13
0,2,8,13
0,2,9,13
0,2,10,13
0,2,11,13
0,2,12,13
0,2,13,14
0,2,13,15
0,2,13,16
0,2,13,17
0,2,13,18
0,2,13,19
0,2,13,20
0,2,13,21
0,2,13,22
0,2,13,23
0,2,13,24
0,2,13,25
0,2,13,26
0,2,13,27
0,2,13,28
0,2,13,29
0,2,13,30
0,2,13,31
0,2,13,32
0,2,13,34
0,2,13,35
0,2,13,36
0,2,13,37
0,2,13,38
0,2,13,39
0,2,13,41
0,2,13,43
0,2,13,44
0,2,13,45
0,2,13,46
0,2,13,47
0,2,13,48
0,2,13,49
0,2,13,50
0,2,13,51
0,2,13,52
0,2,13,53
0,2,13,54
0,2,13,55
0,2,13,56
0,2,13,57
0,2,13,58
0,2,13,59
0,2,13,60
0,2,13,61
0,2,13,62
0,2,13,63
0,2,13,64
0,2,13,65
0,2,13,66
0,2,13,67
0,2,13,68
0,2,13,69
0,2,13,70
0,2,13,71
0,2,13,72
0,2,13,73
0,2,13,74
0,2,13,75
0,2,13,76
0,2,13,77
0,2,13,78
0,2,13,79
0,2,13,80
0,2,13,81
0,2,13,82
0,2,13,83
0,2,13,84
0,2,13,85
0,2,13,86
0,2,13,87
0,2,13,88
0,2,13,89
0,2,13,90
0,2,13,91
0,2,13,92
0,2,13,93
0,2,13,94
0,2,13,95
0,2,13,96
0,2,13,97
0,2,13,98
0,2,13,99