0,9,19,33
1,9,19,33
3,9,19,33
4,9,19,33
5,9,19,33
6,9,19,33
7,9,19,33
8,9,19,33
9,10,19,33
9,11,19,33
9,13,19,33
9,14,19,33
9,15,19,33
9,16,19,33
9,17,19,33
9,18,19,33
9,19,20,33
9,19,21,33
9,19,22,33
9,19,23,33
9,19,24,33
9,19,25,33
9,19,26,33
9,19,27,33
9,19,28,33
9,19,29,33
9,19,30,33
9,19,31,33
9,19,32,33
9,19,33,34
9,19,33,35
9,19,33,36
9,19,33,37
9,19,33,39
9,19,33,40
9,19,33,41
9,19,33,42
9,19,33,43
9,19,33,44
9,19,33,47
9,19,33,48
9,19,33,49
9,19,33,50
9,19,33,51
9,19,33,52
9,19,33,53
9,19,33,54
9,19,33,55
9,19,33,56
9,19,33,57
9,19,33,58
9,19,33,59
9,19,33,60
9,19,33,61
9,19,33,62
9,19,33,63
9,19,33,64
9,19,33,65
9,19,33,66
9,19,33,67
9,19,33,68
9,19,33,69
9,19,33,70
9,19,33,71
9,19,33,72
9,19,33,73
9,19,33,74
9,19,33,75
9,19,33,76
9,19,33,77
9,19,33,78
9,19,33,79
9,19,33,80
9,19,33,81
9,19,33,82
9,19,33,83
9,19,33,84
9,19,33,85
9,19,33,86
9,19,33,87
9,19,33,88
9,19,33,89
9,19,33,90
9,19,33,91
9,19,33,92
9,19,33,93
9,19,33,94
9,19,33,95
9,19,33,96
9,19,33,97
9,19,33,98
9,19,33,99