0,1,31,36
0,2,31,36
0,3,31,36
0,4,31,36
0,5,31,36
0,6,31,36
0,8,31,36
0,9,31,36
0,11,31,36
0,12,31,36
0,13,31,36
0,14,31,36
0,15,31,36
0,16,31,36
0,18,31,36
0,19,31,36
0,20,31,36
0,21,31,36
0,22,31,36
0,23,31,36
0,24,31,36
0,25,31,36
0,26,31,36
0,27,31,36
0,28,31,36
0,29,31,36
0,30,31,36
0,31,32,36
0,31,33,36
0,31,34,36
0,31,35,36
0,31,36,37
0,31,36,38
0,31,36,39
0,31,36,40
0,31,36,41
0,31,36,42
0,31,36,45
0,31,36,46
0,31,36,47
0,31,36,48
0,31,36,49
0,31,36,50
0,31,36,51
0,31,36,52
0,31,36,53
0,31,36,54
0,31,36,55
0,31,36,56
0,31,36,57
0,31,36,58
0,31,36,59
0,31,36,60
0,31,36,61
0,31,36,62
0,31,36,63
0,31,36,64
0,31,36,65
0,31,36,66
0,31,36,67
0,31,36,68
0,31,36,69
0,31,36,70
0,31,36,71
0,31,36,72
0,31,36,73
0,31,36,74
0,31,36,75
0,31,36,76
0,31,36,77
0,31,36,78
0,31,36,79
0,31,36,80
0,31,36,81
0,31,36,82
0,31,36,83
0,31,36,84
0,31,36,85
0,31,36,86
0,31,36,87
0,31,36,88
0,31,36,89
0,31,36,90
0,31,36,91
0,31,36,92
0,31,36,93
0,31,36,94
0,31,36,95
0,31,36,96
0,31,36,97
0,31,36,98
0,31,36,99