1,9,10,30,50
2,9,10,30,50
3,9,10,30,50
4,9,10,30,50
5,9,10,30,50
6,9,10,30,50
7,9,10,30,50
8,9,10,30,50
9,10,11,30,50
9,10,12,30,50
9,10,13,30,50
9,10,14,30,50
9,10,15,30,50
9,10,16,30,50
9,10,17,30,50
9,10,18,30,50
9,10,19,30,50
9,10,21,30,50
9,10,22,30,50
9,10,23,30,50
9,10,24,30,50
9,10,25,30,50
9,10,26,30,50
9,10,27,30,50
9,10,28,30,50
9,10,29,30,50
9,10,30,31,50
9,10,30,32,50
9,10,30,33,50
9,10,30,34,50
9,10,30,35,50
9,10,30,36,50
9,10,30,37,50
9,10,30,38,50
9,10,30,39,50
9,10,30,41,50
9,10,30,42,50
9,10,30,43,50
9,10,30,44,50
9,10,30,45,50
9,10,30,46,50
9,10,30,47,50
9,10,30,48,50
9,10,30,50,51
9,10,30,50,52
9,10,30,50,53
9,10,30,50,54
9,10,30,50,55
9,10,30,50,56
9,10,30,50,57
9,10,30,50,58
9,10,30,50,59
9,10,30,50,61
9,10,30,50,62
9,10,30,50,63
9,10,30,50,64
9,10,30,50,65
9,10,30,50,66
9,10,30,50,67
9,10,30,50,68
9,10,30,50,71
9,10,30,50,72
9,10,30,50,73
9,10,30,50,74
9,10,30,50,75
9,10,30,50,76
9,10,30,50,77
9,10,30,50,78
9,10,30,50,79
9,10,30,50,81
9,10,30,50,82
9,10,30,50,83
9,10,30,50,84
9,10,30,50,85
9,10,30,50,86
9,10,30,50,87
9,10,30,50,88
9,10,30,50,91
9,10,30,50,92
9,10,30,50,93
9,10,30,50,94
9,10,30,50,95
9,10,30,50,96
9,10,30,50,97
9,10,30,50,98
9,10,30,50,99