0,9,23,33
1,9,23,33
2,9,23,33
3,9,23,33
5,9,23,33
6,9,23,33
7,9,23,33
8,9,23,33
9,10,23,33
9,11,23,33
9,12,23,33
9,13,23,33
9,14,23,33
9,15,23,33
9,16,23,33
9,17,23,33
9,18,23,33
9,19,23,33
9,20,23,33
9,21,23,33
9,22,23,33
9,23,24,33
9,23,25,33
9,23,26,33
9,23,27,33
9,23,28,33
9,23,29,33
9,23,30,33
9,23,31,33
9,23,32,33
9,23,33,34
9,23,33,35
9,23,33,36
9,23,33,37
9,23,33,38
9,23,33,39
9,23,33,40
9,23,33,41
9,23,33,42
9,23,33,43
9,23,33,44
9,23,33,45
9,23,33,46
9,23,33,47
9,23,33,48
9,23,33,49
9,23,33,50
9,23,33,51
9,23,33,52
9,23,33,53
9,23,33,55
9,23,33,56
9,23,33,57
9,23,33,58
9,23,33,60
9,23,33,61
9,23,33,62
9,23,33,63
9,23,33,64
9,23,33,65
9,23,33,68
9,23,33,69
9,23,33,70
9,23,33,71
9,23,33,72
9,23,33,73
9,23,33,74
9,23,33,75
9,23,33,76
9,23,33,77
9,23,33,78
9,23,33,79
9,23,33,80
9,23,33,81
9,23,33,82
9,23,33,83
9,23,33,84
9,23,33,85
9,23,33,86
9,23,33,87
9,23,33,88
9,23,33,89
9,23,33,90
9,23,33,91
9,23,33,92
9,23,33,93
9,23,33,94
9,23,33,95
9,23,33,96
9,23,33,97
9,23,33,98
9,23,33,99