1,9,10,30,60
3,9,10,30,60
4,9,10,30,60
5,9,10,30,60
6,9,10,30,60
7,9,10,30,60
8,9,10,30,60
9,10,12,30,60
9,10,13,30,60
9,10,14,30,60
9,10,15,30,60
9,10,16,30,60
9,10,17,30,60
9,10,18,30,60
9,10,19,30,60
9,10,21,30,60
9,10,22,30,60
9,10,23,30,60
9,10,24,30,60
9,10,25,30,60
9,10,26,30,60
9,10,27,30,60
9,10,28,30,60
9,10,29,30,60
9,10,30,31,60
9,10,30,32,60
9,10,30,33,60
9,10,30,34,60
9,10,30,35,60
9,10,30,36,60
9,10,30,37,60
9,10,30,38,60
9,10,30,39,60
9,10,30,41,60
9,10,30,42,60
9,10,30,43,60
9,10,30,44,60
9,10,30,45,60
9,10,30,46,60
9,10,30,47,60
9,10,30,48,60
9,10,30,51,60
9,10,30,52,60
9,10,30,53,60
9,10,30,54,60
9,10,30,55,60
9,10,30,56,60
9,10,30,57,60
9,10,30,58,60
9,10,30,59,60
9,10,30,60,61
9,10,30,60,62
9,10,30,60,63
9,10,30,60,64
9,10,30,60,65
9,10,30,60,66
9,10,30,60,67
9,10,30,60,68
9,10,30,60,69
9,10,30,60,71
9,10,30,60,72
9,10,30,60,73
9,10,30,60,74
9,10,30,60,75
9,10,30,60,76
9,10,30,60,77
9,10,30,60,78
9,10,30,60,82
9,10,30,60,83
9,10,30,60,84
9,10,30,60,85
9,10,30,60,86
9,10,30,60,87
9,10,30,60,88
9,10,30,60,89
9,10,30,60,91
9,10,30,60,93
9,10,30,60,94
9,10,30,60,95
9,10,30,60,96
9,10,30,60,97
9,10,30,60,98