0,4,9,33
1,4,9,33
2,4,9,33
3,4,9,33
4,5,9,33
4,6,9,33
4,7,9,33
4,8,9,33
4,9,10,33
4,9,11,33
4,9,12,33
4,9,13,33
4,9,14,33
4,9,15,33
4,9,16,33
4,9,17,33
4,9,18,33
4,9,19,33
4,9,20,33
4,9,21,33
4,9,22,33
4,9,24,33
4,9,25,33
4,9,26,33
4,9,27,33
4,9,28,33
4,9,29,33
4,9,30,33
4,9,31,33
4,9,32,33
4,9,33,34
4,9,33,35
4,9,33,36
4,9,33,37
4,9,33,38
4,9,33,39
4,9,33,40
4,9,33,41
4,9,33,42
4,9,33,43
4,9,33,44
4,9,33,45
4,9,33,46
4,9,33,47
4,9,33,48
4,9,33,49
4,9,33,50
4,9,33,51
4,9,33,52
4,9,33,53
4,9,33,55
4,9,33,56
4,9,33,57
4,9,33,58
4,9,33,60
4,9,33,61
4,9,33,62
4,9,33,63
4,9,33,64
4,9,33,65
4,9,33,68
4,9,33,69
4,9,33,70
4,9,33,71
4,9,33,72
4,9,33,73
4,9,33,74
4,9,33,75
4,9,33,76
4,9,33,77
4,9,33,78
4,9,33,79
4,9,33,80
4,9,33,81
4,9,33,82
4,9,33,83
4,9,33,84
4,9,33,85
4,9,33,86
4,9,33,87
4,9,33,88
4,9,33,89
4,9,33,90
4,9,33,91
4,9,33,92
4,9,33,93
4,9,33,94
4,9,33,95
4,9,33,96
4,9,33,97
4,9,33,98
4,9,33,99