0,9,12,33
1,9,12,33
3,9,12,33
4,9,12,33
5,9,12,33
6,9,12,33
7,9,12,33
8,9,12,33
9,10,12,33
9,11,12,33
9,12,13,33
9,12,14,33
9,12,15,33
9,12,16,33
9,12,17,33
9,12,18,33
9,12,20,33
9,12,21,33
9,12,22,33
9,12,23,33
9,12,24,33
9,12,25,33
9,12,26,33
9,12,27,33
9,12,28,33
9,12,29,33
9,12,30,33
9,12,31,33
9,12,32,33
9,12,33,34
9,12,33,35
9,12,33,36
9,12,33,37
9,12,33,39
9,12,33,40
9,12,33,41
9,12,33,42
9,12,33,43
9,12,33,44
9,12,33,47
9,12,33,48
9,12,33,49
9,12,33,50
9,12,33,51
9,12,33,52
9,12,33,53
9,12,33,54
9,12,33,55
9,12,33,56
9,12,33,57
9,12,33,58
9,12,33,59
9,12,33,60
9,12,33,61
9,12,33,62
9,12,33,63
9,12,33,64
9,12,33,65
9,12,33,66
9,12,33,67
9,12,33,68
9,12,33,69
9,12,33,70
9,12,33,71
9,12,33,72
9,12,33,73
9,12,33,74
9,12,33,75
9,12,33,76
9,12,33,77
9,12,33,78
9,12,33,79
9,12,33,80
9,12,33,81
9,12,33,82
9,12,33,83
9,12,33,84
9,12,33,85
9,12,33,86
9,12,33,87
9,12,33,88
9,12,33,89
9,12,33,90
9,12,33,91
9,12,33,92
9,12,33,93
9,12,33,94
9,12,33,95
9,12,33,96
9,12,33,97
9,12,33,98
9,12,33,99