0,1,10,13
0,2,10,13
0,4,10,13
0,5,10,13
0,6,10,13
0,7,10,13
0,8,10,13
0,9,10,13
0,10,11,13
0,10,12,13
0,10,13,14
0,10,13,15
0,10,13,16
0,10,13,17
0,10,13,18
0,10,13,19
0,10,13,20
0,10,13,23
0,10,13,24
0,10,13,25
0,10,13,26
0,10,13,27
0,10,13,28
0,10,13,29
0,10,13,30
0,10,13,31
0,10,13,32
0,10,13,33
0,10,13,34
0,10,13,35
0,10,13,36
0,10,13,37
0,10,13,38
0,10,13,39
0,10,13,40
0,10,13,41
0,10,13,42
0,10,13,43
0,10,13,44
0,10,13,45
0,10,13,46
0,10,13,47
0,10,13,48
0,10,13,49
0,10,13,50
0,10,13,51
0,10,13,52
0,10,13,53
0,10,13,54
0,10,13,55
0,10,13,56
0,10,13,57
0,10,13,58
0,10,13,59
0,10,13,60
0,10,13,61
0,10,13,62
0,10,13,63
0,10,13,64
0,10,13,65
0,10,13,66
0,10,13,67
0,10,13,68
0,10,13,69
0,10,13,70
0,10,13,71
0,10,13,72
0,10,13,73
0,10,13,74
0,10,13,75
0,10,13,76
0,10,13,77
0,10,13,78
0,10,13,79
0,10,13,80
0,10,13,81
0,10,13,82
0,10,13,83
0,10,13,84
0,10,13,85
0,10,13,86
0,10,13,87
0,10,13,88
0,10,13,89
0,10,13,90
0,10,13,91
0,10,13,92
0,10,13,93
0,10,13,94
0,10,13,95
0,10,13,96
0,10,13,97
0,10,13,98
0,10,13,99