1,3,9,11,90
1,3,9,12,90
1,3,9,13,90
1,3,9,14,90
1,3,9,15,90
1,3,9,16,90
1,3,9,17,90
1,3,9,18,90
1,3,9,19,90
1,3,9,20,90
1,3,9,21,90
1,3,9,22,90
1,3,9,23,90
1,3,9,24,90
1,3,9,25,90
1,3,9,26,90
1,3,9,27,90
1,3,9,28,90
1,3,9,29,90
1,3,9,31,90
1,3,9,32,90
1,3,9,33,90
1,3,9,34,90
1,3,9,35,90
1,3,9,36,90
1,3,9,37,90
1,3,9,38,90
1,3,9,39,90
1,3,9,40,90
1,3,9,41,90
1,3,9,42,90
1,3,9,43,90
1,3,9,44,90
1,3,9,45,90
1,3,9,46,90
1,3,9,47,90
1,3,9,48,90
1,3,9,49,90
1,3,9,50,90
1,3,9,51,90
1,3,9,52,90
1,3,9,53,90
1,3,9,54,90
1,3,9,55,90
1,3,9,56,90
1,3,9,57,90
1,3,9,58,90
1,3,9,59,90
1,3,9,60,90
1,3,9,61,90
1,3,9,62,90
1,3,9,63,90
1,3,9,64,90
1,3,9,65,90
1,3,9,66,90
1,3,9,67,90
1,3,9,68,90
1,3,9,69,90
1,3,9,70,90
1,3,9,71,90
1,3,9,72,90
1,3,9,73,90
1,3,9,74,90
1,3,9,75,90
1,3,9,76,90
1,3,9,77,90
1,3,9,78,90
1,3,9,79,90
1,3,9,80,90
1,3,9,81,90
1,3,9,82,90
1,3,9,83,90
1,3,9,84,90
1,3,9,85,90
1,3,9,86,90
1,3,9,87,90
1,3,9,88,90
1,3,9,89,90
1,3,9,90,91
1,3,9,90,92
1,3,9,90,93
1,3,9,90,95
1,3,9,90,96
1,3,9,90,97
1,3,9,90,98
1,3,9,90,99