0,2,13,44
0,3,13,44
0,4,13,44
0,5,13,44
0,6,13,44
0,7,13,44
0,8,13,44
0,9,13,44
0,10,13,44
0,11,13,44
0,12,13,44
0,13,14,44
0,13,15,44
0,13,16,44
0,13,17,44
0,13,18,44
0,13,19,44
0,13,20,44
0,13,21,44
0,13,22,44
0,13,23,44
0,13,24,44
0,13,25,44
0,13,26,44
0,13,27,44
0,13,28,44
0,13,29,44
0,13,30,44
0,13,31,44
0,13,32,44
0,13,33,44
0,13,35,44
0,13,36,44
0,13,37,44
0,13,38,44
0,13,39,44
0,13,40,44
0,13,41,44
0,13,42,44
0,13,43,44
0,13,44,45
0,13,44,46
0,13,44,47
0,13,44,48
0,13,44,49
0,13,44,50
0,13,44,51
0,13,44,52
0,13,44,53
0,13,44,54
0,13,44,55
0,13,44,56
0,13,44,57
0,13,44,58
0,13,44,59
0,13,44,60
0,13,44,61
0,13,44,62
0,13,44,64
0,13,44,65
0,13,44,66
0,13,44,67
0,13,44,68
0,13,44,69
0,13,44,72
0,13,44,73
0,13,44,74
0,13,44,75
0,13,44,76
0,13,44,77
0,13,44,78
0,13,44,79
0,13,44,80
0,13,44,81
0,13,44,82
0,13,44,83
0,13,44,84
0,13,44,85
0,13,44,86
0,13,44,87
0,13,44,88
0,13,44,89
0,13,44,90
0,13,44,91
0,13,44,92
0,13,44,93
0,13,44,94
0,13,44,95
0,13,44,96
0,13,44,97
0,13,44,98
0,13,44,99