1,22,44,55
10,22,44,55
12,22,44,55
13,22,44,55
14,22,44,55
15,22,44,55
16,22,44,55
17,22,44,55
18,22,44,55
19,22,44,55
2,22,44,55
20,22,44,55
21,22,44,55
22,23,44,55
22,24,44,55
22,25,44,55
22,26,44,55
22,27,44,55
22,28,44,55
22,29,44,55
22,30,44,55
22,31,44,55
22,32,44,55
22,34,44,55
22,35,44,55
22,36,44,55
22,37,44,55
22,38,44,55
22,39,44,55
22,40,44,55
22,41,44,55
22,42,44,55
22,43,44,55
22,44,45,55
22,44,46,55
22,44,47,55
22,44,48,55
22,44,49,55
22,44,50,55
22,44,51,55
22,44,52,55
22,44,53,55
22,44,54,55
22,44,55,56
22,44,55,57
22,44,55,58
22,44,55,59
22,44,55,60
22,44,55,61
22,44,55,62
22,44,55,63
22,44,55,64
22,44,55,65
22,44,55,67
22,44,55,68
22,44,55,69
22,44,55,70
22,44,55,71
22,44,55,72
22,44,55,73
22,44,55,74
22,44,55,75
22,44,55,76
22,44,55,78
22,44,55,79
22,44,55,80
22,44,55,81
22,44,55,82
22,44,55,83
22,44,55,84
22,44,55,85
22,44,55,86
22,44,55,87
22,44,55,89
22,44,55,90
22,44,55,91
22,44,55,92
22,44,55,93
22,44,55,94
22,44,55,95
22,44,55,96
22,44,55,97
22,44,55,98
3,22,44,55
4,22,44,55
5,22,44,55
6,22,44,55
7,22,44,55
8,22,44,55
9,22,44,55
