0,4,16,41
1,4,16,41
2,4,16,41
3,4,16,41
4,10,16,41
4,11,16,41
4,12,16,41
4,13,16,41
4,14,16,41
4,15,16,41
4,16,17,41
4,16,18,41
4,16,19,41
4,16,20,41
4,16,21,41
4,16,22,41
4,16,23,41
4,16,24,41
4,16,25,41
4,16,26,41
4,16,27,41
4,16,28,41
4,16,29,41
4,16,30,41
4,16,31,41
4,16,32,41
4,16,33,41
4,16,34,41
4,16,35,41
4,16,36,41
4,16,37,41
4,16,38,41
4,16,39,41
4,16,40,41
4,16,41,42
4,16,41,43
4,16,41,44
4,16,41,45
4,16,41,46
4,16,41,47
4,16,41,48
4,16,41,49
4,16,41,50
4,16,41,51
4,16,41,52
4,16,41,53
4,16,41,54
4,16,41,55
4,16,41,56
4,16,41,57
4,16,41,58
4,16,41,59
4,16,41,60
4,16,41,61
4,16,41,62
4,16,41,63
4,16,41,64
4,16,41,65
4,16,41,66
4,16,41,67
4,16,41,68
4,16,41,69
4,16,41,70
4,16,41,71
4,16,41,72
4,16,41,73
4,16,41,74
4,16,41,75
4,16,41,76
4,16,41,77
4,16,41,78
4,16,41,79
4,16,41,80
4,16,41,81
4,16,41,82
4,16,41,83
4,16,41,84
4,16,41,85
4,16,41,86
4,16,41,87
4,16,41,88
4,16,41,89
4,16,41,90
4,16,41,91
4,16,41,92
4,16,41,93
4,16,41,94
4,16,41,95
4,16,41,96
4,16,41,97
4,16,41,98
4,16,41,99
4,5,16,41
4,6,16,41
4,7,16,41
4,8,16,41
4,9,16,41
