0,12,44,46
1,12,44,46
10,12,44,46
11,12,44,46
12,13,44,46
12,14,44,46
12,15,44,46
12,16,44,46
12,17,44,46
12,19,44,46
12,20,44,46
12,21,44,46
12,22,44,46
12,23,44,46
12,24,44,46
12,25,44,46
12,26,44,46
12,27,44,46
12,28,44,46
12,29,44,46
12,30,44,46
12,31,44,46
12,32,44,46
12,33,44,46
12,34,44,46
12,35,44,46
12,36,44,46
12,37,44,46
12,38,44,46
12,39,44,46
12,40,44,46
12,41,44,46
12,42,44,46
12,43,44,46
12,44,45,46
12,44,46,47
12,44,46,48
12,44,46,49
12,44,46,50
12,44,46,51
12,44,46,52
12,44,46,53
12,44,46,54
12,44,46,55
12,44,46,56
12,44,46,57
12,44,46,58
12,44,46,59
12,44,46,60
12,44,46,61
12,44,46,62
12,44,46,63
12,44,46,64
12,44,46,65
12,44,46,66
12,44,46,67
12,44,46,68
12,44,46,69
12,44,46,70
12,44,46,71
12,44,46,72
12,44,46,73
12,44,46,74
12,44,46,75
12,44,46,76
12,44,46,77
12,44,46,78
12,44,46,79
12,44,46,80
12,44,46,81
12,44,46,82
12,44,46,83
12,44,46,84
12,44,46,85
12,44,46,86
12,44,46,87
12,44,46,88
12,44,46,89
12,44,46,90
12,44,46,91
12,44,46,92
12,44,46,93
12,44,46,94
12,44,46,95
12,44,46,96
12,44,46,97
12,44,46,98
12,44,46,99
2,12,44,46
3,12,44,46
4,12,44,46
5,12,44,46
6,12,44,46
7,12,44,46
8,12,44,46
9,12,44,46
