0,12,57,58
1,12,57,58
10,12,57,58
11,12,57,58
12,13,57,58
12,14,57,58
12,15,57,58
12,16,57,58
12,17,57,58
12,18,57,58
12,19,57,58
12,20,57,58
12,21,57,58
12,22,57,58
12,23,57,58
12,24,57,58
12,25,57,58
12,26,57,58
12,27,57,58
12,28,57,58
12,29,57,58
12,30,57,58
12,31,57,58
12,32,57,58
12,33,57,58
12,34,57,58
12,35,57,58
12,36,57,58
12,37,57,58
12,38,57,58
12,39,57,58
12,40,57,58
12,41,57,58
12,42,57,58
12,43,57,58
12,44,57,58
12,45,57,58
12,46,57,58
12,47,57,58
12,48,57,58
12,49,57,58
12,50,57,58
12,51,57,58
12,52,57,58
12,53,57,58
12,54,57,58
12,55,57,58
12,56,57,58
12,57,58,59
12,57,58,60
12,57,58,61
12,57,58,62
12,57,58,63
12,57,58,64
12,57,58,65
12,57,58,66
12,57,58,67
12,57,58,68
12,57,58,69
12,57,58,70
12,57,58,71
12,57,58,72
12,57,58,73
12,57,58,74
12,57,58,75
12,57,58,76
12,57,58,77
12,57,58,78
12,57,58,79
12,57,58,80
12,57,58,81
12,57,58,82
12,57,58,83
12,57,58,84
12,57,58,85
12,57,58,86
12,57,58,87
12,57,58,88
12,57,58,89
12,57,58,90
12,57,58,91
12,57,58,92
12,57,58,93
12,57,58,94
12,57,58,95
12,57,58,96
12,57,58,97
12,57,58,98
12,57,58,99
2,12,57,58
3,12,57,58
4,12,57,58
5,12,57,58
6,12,57,58
7,12,57,58
8,12,57,58
9,12,57,58
