0,4,13,67
1,4,13,67
2,4,13,67
3,4,13,67
4,10,13,67
4,11,13,67
4,12,13,67
4,13,14,67
4,13,15,67
4,13,16,67
4,13,17,67
4,13,18,67
4,13,19,67
4,13,20,67
4,13,21,67
4,13,22,67
4,13,23,67
4,13,24,67
4,13,25,67
4,13,26,67
4,13,27,67
4,13,28,67
4,13,29,67
4,13,30,67
4,13,31,67
4,13,32,67
4,13,33,67
4,13,34,67
4,13,35,67
4,13,36,67
4,13,37,67
4,13,38,67
4,13,39,67
4,13,40,67
4,13,41,67
4,13,42,67
4,13,43,67
4,13,44,67
4,13,45,67
4,13,46,67
4,13,47,67
4,13,48,67
4,13,50,67
4,13,51,67
4,13,52,67
4,13,53,67
4,13,54,67
4,13,55,67
4,13,56,67
4,13,57,67
4,13,58,67
4,13,59,67
4,13,60,67
4,13,61,67
4,13,62,67
4,13,63,67
4,13,64,67
4,13,65,67
4,13,66,67
4,13,67,68
4,13,67,69
4,13,67,70
4,13,67,71
4,13,67,72
4,13,67,73
4,13,67,74
4,13,67,75
4,13,67,76
4,13,67,77
4,13,67,78
4,13,67,79
4,13,67,80
4,13,67,81
4,13,67,82
4,13,67,83
4,13,67,84
4,13,67,85
4,13,67,86
4,13,67,87
4,13,67,88
4,13,67,89
4,13,67,90
4,13,67,91
4,13,67,92
4,13,67,93
4,13,67,94
4,13,67,95
4,13,67,96
4,13,67,97
4,13,67,98
4,13,67,99
4,5,13,67
4,6,13,67
4,7,13,67
4,8,13,67
4,9,13,67
