3,36,53,62
3,36,62,69
3,36,62,83
3,35,36,62
3,36,37,62
3,26,36,62
3,36,47,62
3,12,36,62
3,36,62,72
3,15,36,62
3,20,36,62
3,36,43,62
3,36,62,73
3,5,36,62
3,36,62,93
0,3,36,62
3,8,36,62
3,32,36,62
3,36,62,65
2,3,36,62
3,36,46,62
3,10,36,62
3,36,48,62
3,36,60,62
3,36,62,63
3,36,62,66
3,36,62,79
3,36,62,98
3,4,36,62
3,21,36,62
3,31,36,62
3,36,45,62
3,36,50,62
3,36,54,62
3,36,55,62
3,14,36,62
3,16,36,62
3,19,36,62
3,24,36,62
3,36,58,62
3,36,62,90
3,36,62,78
3,7,36,62
3,25,36,62
3,29,36,62
3,34,36,62
3,36,56,62
3,36,62,81
1,3,36,62
3,13,36,62
3,18,36,62
3,22,36,62
3,23,36,62
3,27,36,62
3,30,36,62
3,36,62,74
3,36,62,67
3,6,36,62
3,17,36,62
3,33,36,62
3,36,44,62
3,36,51,62
3,36,52,62
3,36,61,62
3,36,62,64
3,36,62,68
3,11,36,62
3,36,41,62
3,36,42,62
3,36,62,84
3,36,62,95
3,36,62,86
3,36,62,76
3,36,62,87
3,9,36,62
3,28,36,62
3,36,38,62
3,36,39,62
3,36,49,62
3,36,57,62
3,36,59,62
3,36,62,70
3,36,62,80
3,36,62,71
3,36,62,91
3,36,62,82
3,36,62,92
3,36,62,94
3,36,62,75
3,36,62,85
3,36,62,96
3,36,62,97
3,36,62,77
3,36,62,99
3,36,62,89
3,36,62,88
