3,53,58,81
3,43,58,81
3,58,73,81
3,52,58,81
3,58,81,86
3,31,58,81
3,47,58,81
3,35,58,81
3,44,58,81
3,58,81,89
3,10,58,81
3,58,81,87
3,5,58,81
3,36,58,81
3,11,58,81
3,51,58,81
3,58,81,93
3,58,81,83
3,7,58,81
3,8,58,81
3,18,58,81
3,22,58,81
3,29,58,81
3,32,58,81
3,39,58,81
3,58,65,81
3,58,66,81
3,6,58,81
3,21,58,81
3,27,58,81
3,30,58,81
3,38,58,81
3,50,58,81
3,58,67,81
3,58,81,96
3,58,76,81
3,58,81,85
3,58,81,90
1,3,58,81
3,9,58,81
3,12,58,81
3,16,58,81
3,17,58,81
3,25,58,81
3,28,58,81
3,58,60,81
3,58,63,81
3,58,81,88
3,58,81,95
3,58,81,82
3,4,58,81
3,14,58,81
3,33,58,81
3,48,58,81
3,49,58,81
3,56,58,81
3,58,69,81
3,58,81,94
3,54,58,81
3,58,77,81
0,3,58,81
2,3,58,81
3,41,58,81
3,57,58,81
3,58,61,81
3,58,68,81
3,58,78,81
3,58,81,84
3,58,72,81
3,13,58,81
3,15,58,81
3,20,58,81
3,23,58,81
3,24,58,81
3,34,58,81
3,37,58,81
3,40,58,81
3,42,58,81
3,45,58,81
3,46,58,81
3,55,58,81
3,58,64,81
3,58,81,98
3,58,75,81
3,58,74,81
3,58,81,92
3,19,58,81
3,26,58,81
3,58,59,81
3,58,62,81
3,58,81,99
3,58,79,81
3,58,81,97
3,58,71,81
3,58,80,81
3,58,81,91
