2,50,69,72
2,50,62,69
2,36,50,69
2,50,69,74
2,30,50,69
2,50,61,69
2,50,51,69
2,44,50,69
2,45,50,69
2,50,69,84
2,16,50,69
2,20,50,69
2,5,50,69
2,50,60,69
2,3,50,69
2,27,50,69
2,50,57,69
2,50,69,79
2,50,69,75
2,50,69,94
2,9,50,69
2,7,50,69
2,50,59,69
2,6,50,69
2,15,50,69
2,14,50,69
2,21,50,69
2,38,50,69
2,41,50,69
2,50,55,69
2,50,68,69
2,50,69,80
2,50,69,95
2,19,50,69
2,10,50,69
2,29,50,69
2,39,50,69
2,33,50,69
2,40,50,69
2,50,69,88
2,50,69,82
2,50,69,92
2,50,69,96
2,8,50,69
2,4,50,69
1,2,50,69
0,2,50,69
2,11,50,69
2,46,50,69
2,50,58,69
2,50,56,69
2,50,53,69
2,50,52,69
2,50,69,71
2,50,69,89
2,50,69,87
2,50,69,83
2,50,69,90
2,18,50,69
2,17,50,69
2,13,50,69
2,12,50,69
2,28,50,69
2,26,50,69
2,25,50,69
2,24,50,69
2,23,50,69
2,22,50,69
2,37,50,69
2,35,50,69
2,34,50,69
2,32,50,69
2,31,50,69
2,49,50,69
2,48,50,69
2,47,50,69
2,43,50,69
2,42,50,69
2,50,54,69
2,50,67,69
2,50,66,69
2,50,65,69
2,50,64,69
2,50,63,69
2,50,69,70
2,50,69,78
2,50,69,77
2,50,69,76
2,50,69,73
2,50,69,81
2,50,69,86
2,50,69,85
2,50,69,99
2,50,69,98
2,50,69,91
2,50,69,93
2,50,69,97
