4,54,55,78
4,48,55,78
4,45,55,78
4,18,55,78
4,43,55,78
4,53,55,78
3,4,55,78
4,29,55,78
4,55,77,78
4,55,78,98
4,20,55,78
4,27,55,78
4,55,78,83
4,55,60,78
4,32,55,78
4,28,55,78
4,55,74,78
4,37,55,78
4,5,55,78
1,4,55,78
4,22,55,78
4,55,59,78
4,8,55,78
4,15,55,78
4,55,78,88
4,55,67,78
4,55,78,97
4,16,55,78
4,55,56,78
4,25,55,78
4,55,64,78
4,55,78,94
4,55,73,78
4,12,55,78
4,42,55,78
4,52,55,78
4,55,78,99
4,35,55,78
0,4,55,78
4,30,55,78
4,55,61,78
4,55,78,91
4,9,55,78
4,55,69,78
4,55,58,78
4,7,55,78
4,55,57,78
4,55,75,78
4,44,55,78
4,55,78,84
4,33,55,78
4,11,55,78
4,55,71,78
4,55,78,79
4,55,78,89
4,55,68,78
4,47,55,78
4,55,78,87
4,6,55,78
4,26,55,78
4,46,55,78
4,55,76,78
4,55,78,96
4,55,65,78
4,55,78,85
4,24,55,78
4,13,55,78
2,4,55,78
4,55,78,92
4,31,55,78
4,40,55,78
4,51,55,78
4,50,55,78
4,55,72,78
4,55,70,78
4,19,55,78
4,39,55,78
4,49,55,78
4,38,55,78
4,17,55,78
4,36,55,78
4,55,78,86
4,55,78,95
4,14,55,78
4,55,78,93
4,23,55,78
4,55,63,78
4,10,55,78
4,21,55,78
4,41,55,78
4,55,78,82
4,55,62,78
4,55,78,80
4,55,78,81
4,55,78,90
