11,25,64,74
11,25,43,64
11,25,64,88
11,25,64,95
11,25,33,64
11,25,54,64
11,25,53,64
11,25,47,64
11,25,40,64
11,25,52,64
5,11,25,64
11,25,64,78
11,25,39,64
11,25,34,64
11,25,64,75
11,25,28,64
11,25,64,69
11,25,42,64
11,25,64,77
1,11,25,64
11,25,31,64
11,12,25,64
11,24,25,64
11,25,44,64
11,25,64,65
11,25,64,66
11,19,25,64
11,21,25,64
11,25,51,64
11,25,64,71
11,25,64,81
11,25,64,91
2,11,25,64
11,22,25,64
11,25,62,64
11,13,25,64
11,25,63,64
4,11,25,64
11,15,25,64
11,25,35,64
11,25,45,64
11,25,64,85
6,11,25,64
11,16,25,64
11,25,36,64
7,11,25,64
11,18,25,64
11,25,37,64
11,25,60,64
11,25,41,64
11,25,64,82
3,11,25,64
11,23,25,64
11,25,64,94
11,25,26,64
11,17,25,64
11,25,27,64
11,25,46,64
11,25,58,64
11,25,64,68
11,25,64,67
11,25,64,99
0,11,25,64
10,11,25,64
11,25,30,64
11,25,64,70
11,25,64,80
11,25,64,90
11,25,32,64
11,25,64,72
11,25,64,92
11,25,64,73
11,25,64,83
11,25,64,93
11,25,64,84
11,25,64,96
11,25,64,86
11,25,64,76
8,11,25,64
9,11,25,64
11,25,29,64
11,25,38,64
11,25,48,64
11,25,49,64
11,25,56,64
11,25,57,64
11,25,59,64
11,25,64,97
11,25,64,79
11,25,64,87
11,25,64,98
11,25,64,89
