2,30,39,53
2,30,53,77
2,17,30,53
2,11,30,53
2,30,53,92
2,30,33,53
2,30,44,53
2,30,53,56
2,30,53,97
2,30,42,53
2,30,40,53
2,30,48,53
2,30,53,81
2,30,53,76
2,30,53,99
2,30,53,72
2,30,53,60
2,6,30,53
2,9,30,53
2,30,38,53
2,30,41,53
2,30,31,53
2,30,32,53
2,30,53,63
2,30,53,64
2,30,53,57
2,30,53,79
2,30,53,80
2,30,50,53
2,23,30,53
2,8,30,53
1,2,30,53
2,30,53,82
2,22,30,53
2,30,43,53
2,30,53,74
2,30,53,54
2,5,30,53
2,7,30,53
2,30,37,53
2,30,46,53
2,30,53,55
2,30,53,96
2,30,53,86
2,30,53,90
2,10,30,53
0,2,30,53
2,30,53,71
2,30,51,53
2,30,53,62
2,12,30,53
2,30,53,73
2,13,30,53
2,4,30,53
2,24,30,53
2,30,34,53
2,30,53,85
2,16,30,53
2,26,30,53
2,30,53,65
2,30,36,53
2,30,53,58
2,30,53,69
2,30,53,68
2,30,53,70
2,30,53,91
2,30,53,61
2,21,30,53
2,30,53,93
2,30,53,83
2,30,53,94
2,30,53,84
2,14,30,53
2,30,53,95
2,15,30,53
2,30,53,75
2,18,30,53
2,19,30,53
2,27,30,53
2,28,30,53
2,29,30,53
2,30,45,53
2,30,47,53
2,30,49,53
2,30,53,59
2,30,53,67
2,30,53,66
2,30,53,87
2,30,53,78
2,30,53,98
2,30,53,89
2,30,53,88
