2,32,59,87
2,59,62,87
2,49,59,87
2,59,61,87
2,59,82,87
2,59,78,87
2,44,59,87
2,40,59,87
2,42,59,87
2,24,59,87
1,2,59,87
2,8,59,87
2,59,87,92
2,29,59,87
2,59,69,87
2,17,59,87
2,59,86,87
2,59,87,95
2,59,83,87
2,51,59,87
2,59,80,87
2,37,59,87
2,36,59,87
2,54,59,87
2,59,64,87
2,13,59,87
2,41,59,87
2,9,59,87
2,59,68,87
2,52,59,87
2,59,79,87
2,7,59,87
2,59,63,87
2,20,59,87
2,39,59,87
2,4,59,87
2,59,84,87
2,11,59,87
2,21,59,87
2,50,59,87
2,19,59,87
2,59,87,89
2,59,87,99
2,18,59,87
2,48,59,87
2,59,87,88
2,47,59,87
2,57,59,87
2,59,67,87
2,6,59,87
2,26,59,87
2,56,59,87
2,5,59,87
2,15,59,87
2,59,65,87
2,59,85,87
2,43,59,87
2,53,59,87
2,59,73,87
2,59,72,87
2,59,81,87
2,10,59,87
2,28,59,87
2,38,59,87
2,58,59,87
2,59,87,98
2,27,59,87
2,59,77,87
2,59,87,97
2,16,59,87
2,46,59,87
2,59,66,87
2,59,76,87
2,59,87,96
2,25,59,87
2,35,59,87
2,45,59,87
2,55,59,87
2,59,75,87
2,14,59,87
2,34,59,87
2,59,74,87
2,59,87,94
2,3,59,87
2,23,59,87
2,33,59,87
2,59,87,93
2,12,59,87
2,22,59,87
2,59,87,91
0,2,59,87
2,31,59,87
2,30,59,87
2,59,60,87
2,59,71,87
2,59,70,87
2,59,87,90
