22,35,44,55
22,44,55,58
22,44,46,55
22,44,48,55
22,44,49,55
14,22,44,55
22,34,44,55
22,44,50,55
13,22,44,55
22,26,44,55
22,25,44,55
22,24,44,55
22,23,44,55
22,44,55,56
19,22,44,55
15,22,44,55
22,37,44,55
17,22,44,55
12,22,44,55
22,44,45,55
22,44,55,80
22,28,44,55
22,27,44,55
22,40,44,55
22,29,44,55
22,44,47,55
22,44,55,57
2,22,44,55
22,30,44,55
1,22,44,55
22,44,55,60
16,22,44,55
22,36,44,55
22,44,55,67
22,44,55,70
22,39,44,55
22,38,44,55
22,44,55,59
22,44,55,69
22,44,55,68
22,44,55,79
22,44,55,78
22,44,55,89
22,44,55,90
18,22,44,55
