4,45,63,68
4,32,45,68
4,45,46,68
4,45,59,68
4,13,45,68
4,45,54,68
4,36,45,68
4,45,60,68
4,45,52,68
4,45,66,68
4,45,68,83
4,8,45,68
4,5,45,68
4,45,64,68
4,40,45,68
4,45,61,68
4,19,45,68
4,28,45,68
4,45,48,68
4,45,68,78
4,45,67,68
4,45,68,96
4,15,45,68
4,35,45,68
4,45,68,85
4,45,68,95
4,45,68,84
1,4,45,68
4,10,45,68
4,21,45,68
4,45,53,68
4,45,51,68
4,45,68,73
4,9,45,68
4,18,45,68
4,38,45,68
4,34,45,68
4,45,68,94
4,42,45,68
4,39,45,68
4,45,68,89
4,17,45,68
4,45,57,68
4,44,45,68
4,45,68,74
2,4,45,68
4,20,45,68
4,45,50,68
4,45,68,70
4,7,45,68
4,27,45,68
4,37,45,68
4,45,47,68
4,45,68,86
4,25,45,68
4,45,55,68
4,45,65,68
4,45,68,92
4,45,49,68
4,45,68,69
4,45,68,79
4,45,58,68
4,45,68,88
4,45,68,77
4,45,68,97
4,6,45,68
4,26,45,68
4,45,56,68
4,45,68,75
4,14,45,68
4,24,45,68
3,4,45,68
0,4,45,68
4,12,45,68
4,23,45,68
4,22,45,68
4,31,45,68
4,43,45,68
4,41,45,68
4,45,62,68
4,29,45,68
4,45,68,99
4,45,68,98
4,45,68,87
4,16,45,68
4,45,68,76
4,45,68,93
4,11,45,68
4,33,45,68
4,30,45,68
4,45,68,82
4,45,68,71
4,45,68,72
4,45,68,91
4,45,68,80
4,45,68,81
4,45,68,90
