4,15,23,85
4,15,23,93
4,15,22,23
4,15,23,48
4,5,15,23
4,15,23,60
4,15,23,50
4,15,23,91
4,15,23,66
4,15,23,30
4,15,23,38
4,15,23,59
4,15,23,42
4,15,16,23
4,15,23,33
4,15,23,26
4,15,23,44
4,15,23,28
4,15,23,45
4,15,23,34
4,15,23,35
4,15,23,52
4,15,23,73
4,15,23,54
4,15,23,78
4,14,15,23
4,15,23,49
4,15,23,86
1,4,15,23
2,4,15,23
4,11,15,23
4,12,15,23
4,15,23,36
4,15,23,51
4,13,15,23
4,15,23,31
4,15,23,53
4,15,23,67
3,4,15,23
4,9,15,23
4,10,15,23
4,15,23,25
4,15,23,40
4,15,23,94
4,7,15,23
4,15,23,24
4,15,23,37
0,4,15,23
4,15,17,23
4,15,18,23
4,15,23,29
4,15,23,27
4,15,23,32
4,15,23,47
4,15,23,64
4,15,23,74
4,15,23,84
4,15,23,57
4,15,23,55
4,15,23,65
4,15,23,75
4,15,23,97
4,15,23,43
4,15,23,46
4,15,23,81
4,15,23,99
4,6,15,23
4,8,15,23
4,15,20,23
4,15,21,23
4,15,23,80
4,15,23,61
4,15,23,72
4,15,23,63
4,15,23,56
4,15,23,89
4,15,23,41
4,15,23,62
4,15,23,92
4,15,23,83
4,15,23,95
4,15,23,77
4,15,19,23
4,15,23,39
4,15,23,58
4,15,23,70
4,15,23,90
4,15,23,71
4,15,23,82
4,15,23,69
4,15,23,96
4,15,23,68
4,15,23,79
4,15,23,88
4,15,23,98
4,15,23,87
4,15,23,76
