1,22,27,54
1,27,54,71
1,27,54,55
1,27,54,73
1,27,49,54
1,27,52,54
1,27,54,68
1,27,32,54
1,27,54,90
1,27,54,65
1,27,54,92
1,27,45,54
1,27,54,56
1,4,27,54
1,27,54,63
1,27,54,64
1,20,27,54
1,27,37,54
1,27,51,54
1,9,27,54
1,10,27,54
1,27,54,81
1,27,54,67
1,5,27,54
1,6,27,54
1,16,27,54
1,27,34,54
1,27,43,54
1,27,54,97
1,23,27,54
1,27,35,54
1,27,54,72
1,27,54,85
1,18,27,54
1,27,30,54
1,27,36,54
1,14,27,54
1,15,27,54
1,17,27,54
1,21,27,54
1,27,38,54
1,27,44,54
1,27,47,54
1,27,53,54
1,27,54,78
1,27,54,77
1,27,54,98
1,8,27,54
1,25,27,54
1,26,27,54
1,27,28,54
1,27,40,54
1,27,41,54
1,27,46,54
1,27,48,54
1,27,54,59
1,27,54,58
1,27,54,76
1,3,27,54
1,7,27,54
1,12,27,54
1,24,27,54
1,27,29,54
1,19,27,54
1,27,54,69
1,27,54,93
1,27,54,57
1,27,54,61
1,27,54,91
1,27,54,89
1,2,27,54
1,27,31,54
1,27,33,54
1,27,39,54
1,27,42,54
1,27,50,54
1,27,54,62
1,27,54,66
1,27,54,80
1,27,54,74
1,27,54,94
1,27,54,75
0,1,27,54
1,11,27,54
1,13,27,54
1,27,54,60
1,27,54,70
1,27,54,79
1,27,54,82
1,27,54,83
1,27,54,84
1,27,54,95
1,27,54,86
1,27,54,96
1,27,54,87
1,27,54,99
1,27,54,88
