4,32,64,94
4,32,64,82
4,32,59,64
4,32,53,64
4,32,33,64
4,32,36,64
4,32,43,64
4,32,64,70
4,32,51,64
4,32,55,64
4,30,32,64
4,32,54,64
4,32,42,64
4,14,32,64
4,22,32,64
4,32,37,64
4,32,64,74
2,4,32,64
4,32,62,64
4,32,34,64
4,32,44,64
4,13,32,64
4,24,32,64
4,32,64,84
4,15,32,64
4,8,32,64
4,20,32,64
4,5,32,64
4,32,64,65
4,32,40,64
4,6,32,64
4,26,32,64
4,32,64,66
4,27,32,64
4,28,32,64
4,32,46,64
4,32,47,64
4,32,48,64
4,32,64,68
4,31,32,64
4,19,32,64
0,4,32,64
1,4,32,64
4,32,64,75
4,32,35,64
4,32,64,76
4,32,60,64
4,32,64,81
4,32,52,64
4,23,32,64
4,32,64,73
4,32,64,83
4,7,32,64
4,32,64,67
4,32,64,79
4,32,64,78
4,32,50,64
4,32,64,80
4,21,32,64
4,32,61,64
4,12,32,64
3,4,32,64
4,32,63,64
4,18,32,64
4,32,38,64
4,32,39,64
4,32,58,64
4,32,64,88
4,32,64,98
4,10,32,64
4,11,32,64
4,32,41,64
4,32,64,72
4,32,64,95
4,25,32,64
4,32,45,64
4,32,64,96
4,16,32,64
4,9,32,64
4,17,32,64
4,29,32,64
4,32,49,64
4,32,56,64
4,32,57,64
4,32,64,69
4,32,64,90
4,32,64,71
4,32,64,91
4,32,64,92
4,32,64,93
4,32,64,85
4,32,64,86
4,32,64,97
4,32,64,87
4,32,64,77
4,32,64,89
4,32,64,99
